0045354021033015634243250622605523136646511614412
0050354025533015644243214622604523136106511663412
0050622025523115646513214412604535436103301663424
0050624025523015646543214412604535136103311663422
0050654025523015646243214422604533136103511663412
0055354025033015634243210622604523136146511664412
0011306031422410212533546323640550434451661526562
0021306031422410112533526323644550434051661546562
0026306031122410142533521323644650434051661545562
0026506031132410142533521223644630434055661545162
0026562031130610142243521253644632334055041545166
0026566031130410142233521253644632434055061545162
0026562042241012364463154516611306032533521434055
0011226051620214253663445564650610330415231324354
0011526051610214255663445364650620330412231324354
0011564051610314255233445354650622630412021324366
0011566051610214255263445354650622330412031324364
0016226051120214243663441564650610330455231325354
0041226050620214453663425564651610330115231324354
0041526050610214455663425364651620330112231324354
0041564050610314455233425354651622630112021324366
0041566050610214455263425354651622330112031324364
0045354050622314412033424364651156630161021325526
0045364050620314412233424354651152630161021325566
0045366050620214412263424354651152330161031325564
0045526050610214415663424364651120330162231325354
0045564050610314415233424354651122630162021325366
0045566050610214415263424354651122330162031325364
0013631066042116553223054334626445035156141240252
0015321066433116544523055614626025035136341240422
0015322066433416544503055614626025235136311240421
0015331066432116544223055634626025035136141240452
0015631066442116543223055334626045035136141240252
0054321065533116604523013614624025035156341264422
0054322065533416604503013614624025235156311264421
0054331065532116604223013634624025035156141264452
0054421065563116602523013614624045035153341264322
0054422065563416602503013614624045235153311264321
0054452065561416602503013634624042235153211264331
0055321065433116644523015614624025035136341260422
0055322065433416644503015614624025235136311260421
0055331065432116644223015634624025035136141260452
0055631065442116643223015334624045035136141260252
0013614124025035156346264422305432116553310660452
0013631124025235156146264450305433416553220660421
0013634124025035156146264452305433116553210660422
0013614124045035153346264322305442116556310660252
0015321124042235136346260250305561416544520664331
0015331124045235136146260250305563416544220664321
0015334124045035136146260252305563116544210664322
0015614124025035136346260422305532116543310664452
0015631124025235136146260450305533416543220664421
0015634124025035136146260452305533116543210664422
0054321126442235156346240250301361416604520655331
0054331126445235156146240250301363416604220655321
0054334126445035156146240252301363116604210655322
0054421126432235153346240450301361416602520655631
0055321126042235136346240250301561416644520654331
0055331126045235136146240250301563416644220654321
0055334126045035136146240252301563116644210654322
0055614126025035136346240422301532116643310654452
0055631126025235136146240450301533416643220654421
0055634126025035136146240452301533116643210654422
0011202132436630415646506103344552314253540516226
0016102132552630453546506223344120314243640511566
0016103132552330453546506226344120214243660511564
0016102132556630453646506203344122314243540511526
0016202132536630455646506103344152314243540511226
0041202132436630115646516103342552314453540506226
0022410142644632345166153060311335212540550436562
0026410142244632365166154060311335212530550434562
0026510142244632364166154560311305212533550434062
0026560142241632364466154510311306212533550434052
0026562142241032364466154516311306012533520434055
0022410143644632545166113060315335212340550426562
0014224152125334463236405504354516610265620311306
0045230161062436634226050331325535115644120214654
0045230161065436634126050351325533115644220214624
0045231161065136634126050354325533015644240214622
0045330161035436634126050651325523115646220214424
0045331161035136634126050654325523015646240214422
0045351161033136634226050624325523015646540214412
0045230161462436644226055331325035115634120210654
0045230161465436644126055351325033115634220210624
0045231161465136644126055354325033015634240210622
0045330161442436646226055231325065115634120210354
0050330166342436106226045231321465115644120255354
0055230166462436144226045331321035115634120250654
0055230166465436144126045351321033115634220250624
0055231166465136144126045354321033015634240250622
0055330166442436146226045231321065115634120250354
0021441204564651032552342605062243663133016115354
0022441204264651032552345605062143663153016113354
0022601204243651033052345355062144663156416113254
0022605204243651033012345354062144163156466113255
0022641204244651033552345305062143663156016113254
0042441202264651132552315605062143663453016103354
0042601202243651133052315355062144663456416103254
0042605202243651133012315354062144163456466103255
0042641202244651133552315305062143663456016103254
0045301202143651156052313255062264663424416103354
0045305202143651156012313254062264163424466103355
0045355202144651156412313254062260163424366103305
0045601202143651153052313355062244663426416103254
0045605202143651153012313354062244163426466103255
0045641202144651153552313305062243663426016103254
0012346211335153254042641631030520661436556022445
0012404211363153252062641655030544561433466022351
0012406211363153252042641651030544661433456022355
0012446211365153252042641631030540661433556022345
0013346211235153224042643631030520661416556025445
0022346214335153054042641631032520661136556012445
0022404214363153052062641655032544561133466012351
0022406214363153052042641651032544661133456012355
0022446214365153052042641631032540661133556012345
0025204214163153054062643355032234561124466013651
0025206214163153054042643351032234661124456013655
0025204214165153054462643345032235561124066013631
0025404214163153052062643655032244561123466013351
0025406214163153052042643651032244661123456013355
0025446214165153052042643631032240661123556013345
0013460235112450306622520541042153164336326556144
0013462235112450306602520544042153264336316556141
0013460235114450306322520531042154164336626556124
0013660235154450305322520631042114164334626556124
0013460235612450336622521541042053164306326551144
0013462235612450336602521544042053264306316551141
0013460235614450336322521531042054164306626551124
0013632235614450334602521124042066264305416551531
0013660235612450334622521141042063164305326551544
0013662235612450334602521144042063264305316551541
0030532235154450136602556124043346264211416520631
0030632235114450134602556124043366264215416520531
0030660235112450134622556141043363164215326520544
0030662235112450134602556144043363264215316520541
0033460235612450136622551541043053164206326521144
0033462235612450136602551544043053264206316521141
0033460235614450136322551531043054164206626521124
0033632235614450134602551124043066264205416521531
0033660235612450134622551141043063164205326521544
0033662235612450134602551144043063264205316521541
0044120243132552366342145354016511562260506461033
0044120246132552266342165354014511562360506431033
0045120246532552266342161354014411562310506436033
0045320246512552260342161054014411562313506436633
0045350246511552260542161034014412562313206436633
0045354246511552260502161033014412062313256436634
0023521253166154501422410434055113060336446326562
0026521253356154516422410134055043060311446323662
0026561253352154516622410144055043060311346323642
0026562253352154516612410142055043460311306323644
0026521253366154511422410434055013060316446323562
0033521255166154101422450434053113060236446326562
0060311302656201661545340550463236443352125142241
0045342313221103302615646352436655441201605062514
0045342313221403302605646354436655241201615062511
0045352313226103302115646342436651441201605062554
0045342313251103301615646552436635441202605062214
0045342313251403301605646554436635241202615062211
0045352313255403301605646514436634241202115062261
0046342313021103322615645352436255441201605066514
0046342313021403322605645354436255241201615066511
0046352313026103322115645342436251441201605066554
0046552313016103325115645342436221441202605066354
0062552312016103665115646342433021441322605045354
0066342312021103622615645352433255441301605046514
0066342312021403622605645354433255241301615046511
0066352312026103622115645342433251441301605046554
0066552312016103625115645342433221441302605046354
0013515322363105441655206433404211246266025614503
0014115322643105421655206633404451246235025613603
0014165322643105421155206603404450246235125613633
0014165322643305421125206602404450346235155613631
0014515322663105421655206433404411246236025613503
0042115320643105441655223633401351246145025626603
0042165320643105441155223603401350246145125626633
0042165320643305441125223602401350346145155626631
0042115320660305445025223512401363346141655626431
0042165320663105445155223503401360246141125626433
0042165320663305445125223502401360346141155626431
0044115320643105421655226633401451246135025623603
0044165320643105421155226603401450246135125623633
0044165320643305421125226602401450346135155623631
0044515320663105421655226433401411246136025623503
0011223344506102136405162630415203142532435465566
0011223344506602136435162631415203042532405465561
0011243344503102136305162640415206142532235465566
0011223344556102132405162030415263142536435465066
0011223344556602132435162031415263042536405465061
0011243344556602132235162061415264042536305465031
0013223344556102112405165030415363142526435462066
0013223344556602112435165031415363042526405462061
0013243344556602112235165061415364042526305462031
0013643344506602112235165561415324042520305462631
0011223346506102536405152630416203142132435445566
0011223346506602536435152631416203042132405445561
0011243346503102536305152640416206142132235445566
0011223346556102532405152030416263142136435445066
0011223346556602532435152031416263042136405445061
0011243346556602532235152061416264042136305445031
0013223346206102526405153630416503142112435445566
0013223346206602526435153631416503042112405445561
0013243346203102526305153640416506142112235445566
0013643346263102520305153240416556142112235445066
0024632364311306034055044101422661545125335216562
0026532364461306031055043401422411545166335212562
0026562364463206031135043405422410145166155212533
0026562364463306031155043401422410545166135212532
0026632364411306034055043101422461545165335212562
0044632360311306434055024101421661545125335226562
0025043405533521260311301545166446323614224106562
0026043405533521250311306545166146323644224101562
0026543405503521253311306045166156323644224101462
0026562405504321253351306031166154523644634101422
0026563405504521253311306035166154323644624101422
0055043402533521060311361545166446323014224126562
0055043412533523060311661545136446321014224026562
0033663420231325521441243016104506226511564605354
0033013420506325511541245356104366226523164602144
0033016420506225511561245354104366326523134602144
0033063420501325511441245316104366226523564602154
0033663420531325511441245016104306226521564602354
0043013424506325511541205356103366226023164652144
0043016424506225511561205354103366326023134652144
0043063424501325511441205316103366226023564652154
0043663424531325511441205016103306226021564652354
0045013424306325521541202356103366226053164651144
0045016424306225521561202354103366326053134651144
0045063424301325521441202316103366226053564651154
0045313424366325523541202156103306226050164651144
0045316424366225523561202154103306326050134651144
0045356424366225523161202144103301326050634651154
0013054433421120665561532235141602524046264503631
0016054433221120665561534235141302524036264504631
0016554433221120660561534635141362524030264504231
0016554433223120660261534625141363524030564504211
0016556433223520660251534626141363124030544504211
0066054433221120165561504235140302524136264534631
0066554433221120160561504635140362524130264534231
0066554433223120160261504625140363524130564534211
0066556433223520160251504626140363124130544534211
0066026433462520136351503056140421124165544532231
0066054433463120136261503025140423524165564532211
0066056433463520136251503026140423124165544532211
0066554433421120130561503635140462524160264532231
0066554433423120130261503625140463524160564532211
0066556433423520130251503626140463124160544532211
0013026450362524046351416056153221120665544334231
0013054450363124046261416025153223520665564334211
0013056450363524046251416026153223120665544334211
0013626450302524042351416556153221120660544334631
0016026450462524036351413056153421120665544332231
0016054450463124036261413025153423520665564332211
0016056450463524036251413026153423120665544332211
0016554450421124030561413635153462520660264332231
0016554450423124030261413625153463520660564332211
0016556450423524030251413626153463120660544332211
0066054453221124165561404235150302520136264334631
0066554453221124160561404635150362520130264334231
0066554453223124160261404625150363520130564334211
0066556453223524160251404626150363120130544334211
0066026453462524136351403056150421120165544332231
0066054453463124136261403025150423520165564332211
0066056453463524136251403026150423120165544332211
0066554453421124130561403635150462520160264332231
0066554453423124130261403625150463520160564332211
0066556453423524130251403626150463120160544332211
0033663460231326521441043016124506225511564205354
0033013460506326511541045356124366225523164202144
0033016460506226511561045354124366325523134202144
0033063460501326511441045316124366225523564202154
0033663460531326511441045016124306225521564202354
0043663465231326021441033016120506225511564245354
0046511506634241202144362260564535403325523130161
0062211504534241325144330160564655403663523120261
0062260504535441325524330161564651103663423120214
0062261504535241325544330160564651403663423120211
0062511504534241322144330260564635403665523120161
0066511504634241302144332260564535403625523120161
0026154516055043423644635212533224101403113066562
0026154516655043403644632212533524101423113060562
0026554516615043405644632312533524101422113060362
0026562516615443405504632364533521201422413060311
0026564516615043405544632362533521101422413060312
0066154514055043323644635212534224101603113026562
0043405522410145166154212533502656206446323603113
0011223544506142136404162630515203102532433465566
0011240544503042136314162643515206602532233465561
0011243544503142136304162640515206102532233465566
0011223544556142132404162030515263102536433465066
0013223544556142112404165030515363102526433462066
0011223546506142536404152630516203102132433445566
0011240546503042536314152643516206602132233445561
0011243546503142536304152640516206102132233445566
0011223546556142532404152030516263102136433445066
0013223546206142526404153630516503102112433445566
0013240546203042526314153643516506602112233445561
0013243546203142526304153640516506102112233445566
0013630546264042520614153223516556602112433445031
0013640546263042520314153243516556602112233445061
0013643546263142520304153240516556102112233445066
0013502561451246266334042165520643105441153223603
0013512561450246266034042115520643105441653223633
0013515561450346266024042112520643305441653223631
0013602561411246264334042165520663105445153223503
0014112561360246235034044515520663105421653226433
0014115561360346235024044512520663305421653226431
0014165561363346235124044502520660305421153226431
0014502561351246236334044165520643105421153226603
0014512561350246236034044115520643105421653226633
0014515561350346236024044112520643305421653226631
0042165562643346141124013602522350305445153206631
0042112562660246145034013515522363105441653206433
0042115562660346145024013512522363305441653206431
0042165562663346145124013502522360305441153206431
0044112562360246135034014515522663105421653206433
0044115562360346135024014512522663305421653206431
0044165562363346135124014502522660305421153206431
0044502562351246136334014165522643105421153206603
0044512562350246136034014115522643105421653206633
0044515562350346136024014112522643305421653206631
0012345602244661436510305204264163153254062113355
0012346602244561436550305206264163153254042113351
0012355602240661436310305204264165153254462113345
0012406602235561433450305446264165153252042113631
0012445602234661433510305404264163153252062113655
0012446602234561433550305406264163153252042113651
0013345602544661416510305204264363153224062112355
0013346602544561416550305206264363153224042112351
0013355602540661416310305204264365153224462112345
0013655602520661416310305404264335153223462112445
0022345601244661136510325204264163153054062143355
0022346601244561136550325206264163153054042143351
0022355601240661136310325204264165153054462143345
0022406601235561133450325446264165153052042143631
0022445601234661133510325404264163153052062143655
0022446601234561133550325406264163153052042143651
0025206601365561124450322346264335153054042141631
0025406601335561123450322446264365153052042141631
0025445601334661123510322404264363153052062141655
0025446601334561123550322406264363153052042141651
0021436611530163133540622441234264651032552045605
0021436611560163132540622641234244651033552045305
0021441611564663132550622605234243651033012045354
0021446611564163132540622601234243651033052045355
0022436611330163153540621441234564651032552042605
0042436610330163453540621441231564651132552022605
0031130632364460265620533521245166154101422550434
0044115643105062360330145120216532552266342461354
0044115643135062366330145320216512552260342461054
0044120643132562366340145354216511552260502461033
0044125643132062366330145350216511552260542461034
0045115643605062310330144120216132552266342465354
0044115646105062260330165120214532552366342431354
0044115646135062266330165320214512552360342431054
0044120646132562266340165354214511552360502431033
0044125646132062266330165350214511552360542431034
0045115646535062266330161320214412552310342436054
0045120646532562266340161354214411552310502436033
0045125646532062266330161350214411552310542436034
0045320646512562260340161054214411552313502436633
0045325646512062260330161050214411552313542436634
0045350646511562260540161034214412552313202436633
0013462655114164306310420532252154450336602356124
0013631655153264305440420660252112450334622356141
0013632655153164305410420662252112450334602356144
0013662655154164305310420632252114450334602356124
0013462655614164336310421532252054450306602351124
0030531652063264211440433460255612450136622351541
0030532652063164211410433462255612450136602351544
0030541652066264211240433460255614450136322351531
0030631652053264215440433660255612450134622351141
0030632652053164215410433662255612450134602351144
0030662652054164215310433632255614450134602351124
0033462652114164206310430532255154450136602356124
0033631652153264205440430660255112450134622356141
0033632652153164205410430662255112450134602356144
0033662652154164205310430632255114450134602356124
0045354014412024651156231325522605064366342161033
0012345030520421133556143651532540660224462641631
0012351030520621133466143631532544560224042641655
0012355030520421133456143631532544660224062641651
0012445030540421136556143351532520660223462641631
0013345030520421123556141651532240660254462643631
0013351030520621123466141631532244560254042643655
0013355030520421123456141631532244660254062643651
0013631030544621124066141651532235560252042643345
0013651030540621124466141631532234560252042643355
0013655030540421124456141631532234660252062643351
0022345032520421433556113651530540660124462641631
0022351032520621433466113631530544560124042641655
0022355032520421433456113631530544660124062641651
0022445032540421436556113351530520660123462641631
0025445032240421416556112351530520660133462643631
0013631042066023561416430544503346265515322521124
0030531043346023515416421144501366265206322556124
0030541043346023515316421124501363265206622556144
0030544043346223515326421124501363165206602556141
0030631043366023511416421544501346265205322556124
0033631043066023561416420544501346265215322551124
0023562055114225316446033661545013063265212410434
0023642055166225311346033521545043063265612410144
0023644055166125311306033521545043463265622410142
0023662055164225311446033561545043063265212410134
0026562055014225336446031661545113063235212410434
0031134053352125504306026561541014463236422451662
0031142053356225504346026521541013063236612451644
0031144053356125504306026521541013463236622451642
0031642053366225501346026521541043063235612451144
0031644053366125501306026521541043463235622451142
0031662053364225501446026561541043063235212451134
0033562053114225516446023661541013063265212450434
0033642053166225511346023521541043063265612450144
0033644053166125511306023521541043463265622450142
0033662053164225511446023561541043063265212450134
0022605062144120424366315646510330161132552345354
0042605062144120224366345646511330161032552315354
0045305062264120214366342446511560161033552313254
0045354062260520214416342436511564661033012313255
0045355062260120214466342436511564161033052313254
0045605062244120214366342646511530161032552313354
0033016104366342050622652313255115646021441245354
0043016103366342450622602313255115646521441205354
0045016103366342430622605313255215646511441202354
0045316103306342436622605013255235646511441202154
0045354103301642436632605062255231346511561202144
0045356103301342436622605063255231646511541202144
0033016124366346050622552313265115642021441045354
0025031130156241065452126043236146340553351664422
0025035130156341065432126045236146240553311664422
0025045130154341065632126035236142240553311664462
0025331130142241060352126563236154340550451664462
0025331130146241060452126543236156340550351664422
0025335130146341060432126545236156240550311664422
0026031130656241015452125043236446340553351661422
0026035130656341015432125045236446240553311661422
0026045130654341015632125035236442240553311661462
0026545130604341014632125335236442240550311661562
0055031136156241265452106043230146340253351664422
0055035136156341265432106045230146240253311664422
0055045136154341265632106035230142240253311664462
0055331136142241260352106563230154340250451664462
0055331136146241260452106543230156340250351664422
0055335136146341260432106545230156240250311664422
0055031136442241253352101463230604340265451661562
0055331136442241250352101563230654340260451661462
0055331136446241250452101543230656340260351661422
0055335136446341250432101545230656240260311661422
0013025141605443342352404631206655645036261532211
0013026141605643342312404635206655445036251532211
0013056141602643342112404625206655445036351532231
0013625141655443346352404231206605645030261532211
0013626141655643346312404235206605445030251532211
0013635141655443346252404211206602645030561532231
0016025141305443322352403631206655645046261534211
0016026141305643322312403635206655445046251534211
0016056141302643322112403625206655445046351534231
0016556141362643322112403025206605445042351534631
0066025140305443322352413631201655645346261504211
0066026140305643322312413635201655445346251504211
0066056140302643322112413625201655445346351504231
0066556140362643322112413025201605445342351504631
0066556140462643342112416025201305445322351503631
0016556153462645042112066025240305443322351413631
0066025150305445322352013631241655643346261404211
0066026150305645322312013635241655443346251404211
0066056150302645322112013625241655443346351404231
0066556150362645322112013025241605443342351404631
0066556150462645342112016025241305443322351403631
0025031166442240553352361463212604341065451301562
0025331166442240550352361563212654341060451301462
0025331166446240550452361543212656341060351301422
0025335166446340550432361545212656241060311301422
0026031166142240553352364463212504341015451306562
0055031166156240265452306043210146341253351364422
0055035166156340265432306045210146241253311364422
0055045166154340265632306035210142241253311364462
0055331166142240260352306563210154341250451364462
0055331166146240260452306543210156341250351364422
0055335166146340260432306545210156241250311364422
0055031166442240253352301463210604341265451361562
0055331166442240250352301563210654341260451361462
0055331166446240250452301543210656341260351361422
0055335166446340250432301545210656241260311361422
0044120214511564613255236050622663424310330165354
0045120214411564653255231050622663424360330161354
0045320214411564651255231350622603424366330161054
0045350214412564651155231320622605424366330161034
0045354214412064651155231325622605024366340161033
0044120216511564313255226050623663424610330145354
0021441234243661156465103301631325520453540622605
0023521241043063265615450144603364225316620551134
0023561241043063265215450134603366225316420551144
0023562241043463265215450130603366125316440551142
0023642241014463265615450430603352125311340551662
0023661241013063265215450434603356225311420551644
0023662241013463265215450430603356125311440551642
0026521241013063236615451644603114225335620550434
0026521241043063235615451144603164225336620550134
0026561241043063235215451134603166225336420550144
0026562241043463235215451130603166125336440550142
0031142245164463236615410130602652125504340533562
0031642245114463235615410430602652125501340533662
0031661245113063235215410434602656225501420533644
0031662245113463235215410430602656125501440533642
0033521245043063265615410144602364225516620531134
0033561245043063265215410134602366225516420531144
0033562245043463265215410130602366125516440531142
0033642245014463265615410430602352125511340531662
0033661245013063265215410434602356225511420531644
0033662245013463265215410430602356125511440531642
0013460252053165561245030632643366223511440421541
0013462252053265561245030631643366023511410421544
0013460252054165561445030662643363223511240421531
0013632252066265561445030541643346023515310421124
0013660252063165561245030532643346223515440421141
0013662252063265561245030531643346023515410421144
0013460252153165511245033632643066223561440420541
0013462252153265511245033631643066023561410420544
0013460252154165511445033662643063223561240420531
0013660252114165515445033462643053223561240420631
0030660255614165205445013462642153223511240433631
0033460255153165211245013632642066223561440430541
0033462255153265211245013631642066023561410430544
0033460255154165211445013662642063223561240430531
0033660255114165215445013462642053223561240430631
0012404264165560223515325206614334621136310305445
0022404264165560123515305206611334621436310325445
0025204264334560136315305446611240621416510322355
0025206264334660136315305445611240421416550322351
0025204264335560136515305406611244621416310322345
0025404264365560133515305206611234621416310322445
0015322305561412404211654450351363106643346260252
0054322301361412644211660450351563106553346240252
0054422301361412643211660250351533106556346240452
0054450301363112643341660252351532206556146240421
0054452301363412643311660250351532106556146240422
0055322301561412604211664450351363106543346240252
0022410311306014265621254516323405504364466153352
0022416311306214265601254510323405204364466153355
0022446311305214265101254560323406204364166153355
0022446311335214264101254060323456204365166153055
0026446311335214224101253060323656204345166154055
0022410315306014365621234516325405504264466113352
0022416315306214365601234510325405204264466113355
0022446315305214365101234560325406204264166113355
0022446315335214364101234060325456204265166113055
0026410315406014345621236516325305504224466113352
0026416315406214345601236510325305204224466113355
0026446315405214345101236560325306204224166113355
0026510315456014340621236416325335504224466113052
0026516315456214340601236410325335204224466113055
0026560315451014340521236446325335504224166113062
0045231325033016146511563424366441202106226055354
0045231325533016106511564424366341202146226050354
0045331325523016103511564624366341202144226050654
0045351325523016103311564654366342202144126050624
0045354325523116103301564651366342402144126050622
0055231321033016646511563424361441202506226045354
0016103344120213255231424366304535405115646506226
0011223354650615263041021324344556603142536405162
0011224354650415263061021323344556203142536405166
0011253354656615263241021304344550603142236405162
0011304354632415265661021253344516203142236405506
0011323354630615265041021224344516603142536405562
0011324354630415265061021223344516203142536405566
0014253354516615212241026504344630603113236405562
0014223354550615213041026324344656603112536405162
0014224354550415213061026323344656203112536405166
0014253354556615213241026304344650603112236405162
0021223352650615463041011324340556603142536445162
0021224352650415463061011323340556203142536445166
0021253352656615463241011304340550603142236445162
0021304352632415465661011253340516203142236445506
0021323352630615465041011224340516603142536445562
0021324352630415465061011223340516203142536445566
0026304352132415455661014253340516203112236446506
0026323352130615455041014224340516603112536446562
0026324352130415455061014223340516203112536446566
0026504352122415451661014253340556203113236446306
0013502404216532236034626633054411556145125206431
0013503404216532236024626631054411256145155206433
0013512404211532236334626603054416556145025206431
0013602404216532235034626433054451556141125206631
0013603404216532235024626431054451256141155206633
0013633404211532235124626431054450256141655206603
0014112404451532264334623503054216556136025206631
0014502404416532266034623633054211556135125206431
0014503404416532266024623631054211256135155206433
0014512404411532266334623603054216556135025206431
0042112401351532064334614503054416556266025223631
0044112401451532064334613503054216556236025226631
0044502401416532066034613633054211556235125226431
0044503401416532066024613631054211256235155226433
0044512401411532066334613603054216556235025226431
0011240415264334455614253631021322354650305162066
0013240415364334455614252631021122354620305165066
0013630415322334450314252061021124354626405165566
0013631415322334450304252066021124054626435165561
0013640415324334450614252031021122354626305165566
0011240416264334655614213631025322354450305152066
0024101422656236434054512533060311352166155044632
0024105422656236434014512532060311552166135044633
0024115422653236434014512562060310552166335044613
0024615422663236431014512562060340552165335044113
0026615422463236441014516562060340552125335043113
0043101421256236034054516533064411352246155026632
0043105421256236034014516532064411552246135026633
0043115421253236034014516562064410552246335026613
0043401421253236031154516613064463352241055026562
0043401421256236031054516633064461352241155026532
0043405421256236031014516632064461552241135026533
0044101421656236034054512533064311352266155024632
0044105421656236034014512532064311552266135024633
0044115421653236034014512562064310552266335024613
0044615421663236031014512562064340552265335024113
0045342436635231325144120261033016050622115646554
0045352436634231325544120211033016050622615646514
0045354436634231325524120214033016150622605646511
0045342436655231322144120161033026050625115646354
0046342436255231302144120161033226050665115645354
0066342433255231202144130161036226050465115645354
0026150463221130605644340362014231251665545335241
0026150463224130605544340312014236251665645335211
0026154463224130605504340311014236451665625335212
0026550463231130603644340562014221251661545335241
0026150463521130665644342362014031251605545332241
0026150463524130665544342312014036251605645332211
0026154463524130665504342311014036451605625332212
0026550463524130661544342212014056251603645332311
0026554463524130661504342211014056451603625332312
0026564463521130661504342241014055451603125332362
0060364463231130265504335241016615451422125340562
0060550463224130261544335212016656251423645340311
0060554463224130261504335211016656451423625340312
0060564463221130261504335241016655451423125340362
0066150463521130265644332362016031251405545342241
0066150463524130265544332312016036251405645342211
0066154463524130265504332311016036451405625342212
0066550463524130261544332212016056251403645342311
0066554463524130261504332211016056451403625342312
0066564463521130261504332241016055451403125342362
0024105504463352166130603115451253236434014226562
0024113504461552166320603101451256236434054226533
0024115504461352166330603105451256236434014226532
0024613504411552165320603401451256236431054226633
0024615504411352165330603405451256236431014226632
0024633504410552165620603401451253236431154226613
0026533504340552125620603101451663236446154224113
0026613504311552125320603401451656236441054224633
0026615504311352125330603405451656236441014224632
0026633504310552125620603401451653236441154224613
0043105502663352246130644115451653236034014212562
0043113502661552246320644101451656236034054212533
0043115502661352246330644105451656236034014212532
0043405502653352241130644615451663236031014212562
0044105502463352266130643115451253236034014216562
0044113502461552266320643101451256236034054216533
0044115502461352266330643105451256236034014216532
0044613502411552265320643401451256236031054216633
0044615502411352265330643405451256236031014216632
0044633502410552265620643401451253236031154216613
0011223515203054450660253240421364334655614162631
0011223515263054455660253640421324334650614162031
0011240515264354455610253631421322334650304162066
0011243515264054455660253630421322334650314162061
0013223515363054455660252640421124334620614165031
0013240515364354455610252631421122334620304165066
0013243515364054455660252630421122334620314165061
0013630515322354450310252061421124334626404165566
0013640515324354450610252031421122334626304165566
0013643515324054450660252030421122334626314165561
0011223516203054650660213240425364334455614152631
0011223516263054655660213640425324334450614152031
0011240516264354655610213631425322334450304152066
0011243516264054655660213630425322334450314152061
0013223516503054620660211240425264334455614153631
0014165520660256136310542112462351532264334044503
0042112522351556264330544503461416532066024013631
0042115522351256264310544502461416532066034013633
0042165522350256264310544512461411532066334013603
0042165522360256266310544112461451532064334013503
0044165522660256236310542112461351532064334014503
0026154533221251605620140364434231130665504635241
0026554533231251603620140564434221130661504635241
0026562533236451603110140550434224130661544635212
0026564533236251603120140554434224130661504635211
0026154533521251665620142364434031130605504632241
0060312534055451422410166150433521130265644632362
0060362534056451422110166150433524130265544632312
0060364534056251422120166154433524130265504632311
0060554534031251423620166564433521130261504632241
0060562534036451423110166550433524130261544632212
0060564534036251423120166554433524130261504632211
0066154534221251405620160364433231130265504635241
0066554534231251403620160564433221130261504635241
0066562534236451403110160550433224130261544635212
0066564534236251403120160554433224130261504635211
0062260564651150453540366342413255231202144330161
0050622604535402552313610330156465116634243214412
0022416611306204265603254510123405214364463153355
0022446611305204265103254560123406214364163153355
0022446611305504265163254562123406014364103153352
0022416611335504264463254052123451014365603153062
0022446611335204264103254060123456214365163153055
0022446611335504264163254062123456014365103153052
0026416611335504224463253052123651014345603154062
0026446611335204224103253060123656214345163154055
0026446611335504224163253062123656014345103154052
0026516611305504224463253352123641014340603154562
0022416615306204365603234510125405214264463113355
0022446615305204365103234560125406214264163113355
0022446615305504365163234562125406014264103113352
0022416615335504364463234052125451014265603113062
0022446615335204364103234060125456214265163113055
0022446615335504364163234062125456014265103113052
0026416615406204345603236510125305214224463113355
0026446615405204345103236560125306214224163113355
0026446615405504345163236562125306014224103113352
0026516615456204340603236410125335214224463113055
0013614626432106602503515331165563412404523054422
0013614626432206602523515334165563112404503054421
0013634626433106602503515321165561412404223054452
0013614626442106604503515631165533412402523054322
0013614626442206604523515634165533112402503054321
0013634626445206604223515614165532112402503054331
0015334626025206643223513614165442112404503055631
0015614626042106644503513631165433412402523055322
0015614626042206644523513634165433112402503055321
0015634626045206644223513614165432112402503055331
0054334624025206553223515614166042112644503013631
0055334624025206543223513614166442112604503015631
0055614624042106544503513631166433412602523015322
0055614624042206544523513634166433112602503015321
0055634624045206544223513614166432112602503015331
0011223640516203142533445566102132415263043546506
0011253640516203142233445506102130415263243546566
0011253640516603142243445504102130615263233546562
0011323640556203142533445166102122415265043546306
0014223640516203112533446566102632415213043545506
0014253640516203112233446506102630415213243545566
0014253640516603112243446504102630615213233545562
0014223640550603113043446324102656615212533545162
0014253640556203113233446306102650415212243545166
0014253640556603113243446304102650615212233545162
0021223644516203142533405566101132415463043526506
0021253644516203142233405506101130415463243526566
0021253644516603142243405504101130615463233526562
0021323644556203142533405166101122415465043526306
0026323644656203112533405166101422415455043521306
0011564650622605161033041202142552313243663445354
0041564651622605061033011202144552313243663425354
0045354651156405062263016103144120213255233424366
0045354651156605062233016102144120313255263424364
0045364651152605062033016102144122313255663424354
0045564651122605061033016202144152313253663424354
